300
21900
121800
51900
55800
300
300
9600
51000
18900
73800
45600
59400
300
21900
300
48600
19200
300
3600
30000
28800
300
11700
20700
4200
49500
61800
13200
300
72900
300
300
300
34800
35400
29100
31500
65700
51600
300
300
42300
300
80100
25500
14100
19800
74400
68400
300
66300
74400
35100
82800
300
34200
8700
40200
4500
55800
31800
3600
44700
135300
39600
5100
35700
44100
23100
20400
81600
23700
38100
63900
40500
47100
9300
45900
15000
22200
3300
50700
40200
78900
32400
53400
300
95700
16200
5100
33900
65400
48300
300
39300
67800
54300
8700
28500
72000
70500
300
300
8400
300
36600
76200
10500
61500
39600
35100
55200
9000
57300
300
37800
300
300
75900
27900
25500
300
39900
300
53400
35400
27000
29100
79500
1200
28200
300
300
81600
38700
11400
22800
300
34500
300
25500
99900
300
72600
20700
55800
44700
300
300
72300
6900
71700
80100
84000
300
6900
54900
300
30600
15600
57900
34500
51000
14400
64200
42600
300
300
300
46200
72300
69900
40200
36600
29100
35700
10800
12000
76800
48300
25500
14700
25200
98700
900
32100
4200
300
55500
34200
300
65700
56400
300
57900
57600
300
56100
12900
300
300
37500
20700
300
77100
6300
300
20100
34500
300
74400
28800
35100
68100
37800
300
5400
300
300
8100
44400
46500
25200
10500
43200
36000
21000
6600
300
300
37500
29100
2700
17700
46200
21000
300
300
81900
41700
63300
43200
300
42900
46800
89100
300
2100
72600
56400
27000
32700
48300
80400
30900
300
300
47700
61800
52200
52200
57900
76800
46500
66900
6300
4200
300
300
17100
300
80100
300
1500
44100
300
29700
300
50700
300
300
25200
300
300
900
44400
74400
9600
3300
39000
75000
23100
55800
52800
49500
300
23100
51000
38700
30300
31200
300
12300
39600
27000
300
13200
18900
13800
141000
32400
41100
66900
18000
15300
300
300
15900
64500
75600
51600
7500
72900
21900
300
64500
21900
45600
35400
300
57300
63000
300
87600
78000
68400
42900
300
61200
21300
19800
300
300
22800
34500
4500
70200
300
75600
300
27900
75000
300
63300
26700
154500
72900
52500
48000
65700
60600
72300
78900
18600
300
57300
56700
30900
38100
41700
15900
51300
79800
2100
98400
45000
300
44700
17100
70800
18600
23700
300
300
300
300
41100
84600
4200
300
33600
300
600
18900
20400
60300
49500
300
40500
76200
77100
300
48600
39000
72600
23400
98100
26700
300
25800
9000
3300
82500
56700
300
42600
47400
18600
94800
59100
38100
30900
13800
65100
24600
28200
300
75000
73800
70500
86400
117000
69600
25800
6300
77400
300
63900
300
20700
300
24000
300
65400
85500
21600
68100
300
60300
300
14400
300
61500
91200
67800
49500
12900
44700
300
300
300
23100
85200
31800
3300
83100
3000
45900
300
56400
28800
102000
33900
75000
27600
59400
48900
33900
26100
99900
90600
28500
23700
49500
55500
20700
98400
300
300
22200
47100
300
1200
300
82500
52200
29700
300
76500
10500
47100
8400
47700
49500
11700
39600
29400
77400
300
10500
28200
79800
300
2100
300
30300
65700
82500
56100
26700
33600
2100
66900
39900
47400
300
300
52500
14100
28500
66600
49200
63600
300
56700
42600
300
22200
300
111600
76800
91200
18000
29400
21600
52800
72000
30600
57900
42000
34200
300
50400
27600
6600
7800
43500
25200
50100
40800
40500
8400
37200
300
108900
300
67800
300
21300
72000
58200
8400
54300
1200
36600
79500
300
48300
94200
86400
36000
300
61500
10500
50100
300
66300
54900
12900
20100
61200
40200
33300
28500
39600
300
53700
51000
300
14100
47100
70800
57900
9900
55200
30900
16200
54300
75300
59700
46500
43500
300
300
21300
300
300
7500
39000
81600
89400
300
15000
14400
35400
51000
42300
600
6300
300
300
300
18300
5100
34200
120900
56400
13500
53100
63600
37200
31200
40800
300
58200
34200
27900
300
85800
25200
39600
61500
41100
54000
54600
89400
63900
46200
32100
4800
300
13200
39600
117300
62400
35700
1800
72300
16800
42900
30600
300
59100
300
69000
77100
15300
59100
300
300
45600
300
300
20700
300
300
77400
63000
97800
58800
69300
31200
11700
300
33900
300
59100
12000
300
88500
35100
27900
52800
44700
300
300
25800
35400
48300
43500
61800
300
2400
46500
55800
300
23400
36300
28500
13200
30300
300
96300
300
69000
5100
99300
47100
56100
11100
15000
43800
30600
39300
70500
54600
2400
300
6000
137400
42600
75900
300
300
55500
66600
71100
52200
300
22200
72900
62100
30600
33600
57900
11700
39900
59700
64800
89700
25800
54900
64500
5100
79200
74100
32400
45900
300
300
38700
300
83400
10500
300
63900
40500
300
51000
90300
7500
73500
300
55500
75000
44100
42000
43200
73500
300
300
56400
28200
86100
300
14400
300
68400
77400
3000
81900
300
9900
70800
51300
19800
35400
300
11700
50400
66000
73200
42600
69600
300
65700
45900
61500
1800
104400
39900
69300
56700
12900
35100
69000
50400
54600
98100
34500
300
32700
31500
74700
40500
27600
30900
38100
300
66900
32100
87900
35400
49800
23400
300
76500
60600
300
44700
69000
73500
34200
161400
35400
300
7500
300
34200
300
300
11100
41100
52200
57900
17100
300
65700
37800
3300
33300
66000
32700
44100
47100
59100
51000
39000
17400
98100
300
300
97200
300
300
33600
3600
40800
91800
22500
300
95400
300
77400
300
5100
61800
28200
72300
81600
30900
96000
55800
35100
64200
33900
31200
17100
300
300
89100
19800
17700
80700
80400
36900
600
300
300
27000
70200
99000
300
114000
54900
16500
31500
2100
77400
300
5700
74400
90300
145200
59100
36000
109200
22200
112800
35400
37200
85200
14400
50400
300
41100
300
67500
11700
72600
11100
64200
300
67800
300
10500
57000
41100
300
300
65700
51600
20400
45300
71100
24300
12300
50100
300
27000
17700
8700
26700
15300
58200
47700
25800
300
300
66600
53700
38100
38100
93600
21300
19800
47400
6900
63900
56400
300
40800
66600
300
300
32100
28500
66300
70200
31800
18300
8400
11700
84000
40500
300
24000
300
300
74700
15600
300
24900
61500
900
70200
48600
300
30300
300
12300
5100
3000
26700
27300
300
38100
300
39900
72900
300
14700
41400
300
300
77100
82500
300
300
23400
4200
58200
300
57300
19500
50700
57300
300
20700
51600
15600
13800
78600
1200
43500
54300
300
300
300
90600
300
24000
70200
300
68700
22200
78900
50700
300
41100
35400
13500
39300
36300
5700
58500
24600
3600
19500
51600
12600
51900
59700
300
81900
33000
31800
16200
30300
26700
12600
300
45900
47700
78600
35100
64800
47100
78900
36300
64800
14100
84900
37500
300
54300
300
300
75000
300
45300
300
21000
49200
46800
45900
32100
63300
40200
16200
3900
45600
66300
84900
52500
300
6000
48300
96000
13200
71700
56400
300
70500
300
13800
300
300
107100
46500
18000
6900
6000
300
36900
25200
300
50700
300
60000
50700
16500
15300
300
44100
28500
69300
300
48300
300
17400
63300
300
86400
55500
300
50400
116700
99000
45900
63900
300
300
36300
23100
2100
25800
34500
10200
36600
22500
60900
300
64800
300
300
300
300
27000
300
8700
59700
53700
300
11100
16500
29700
18000
54600
52500
300
48900
300
21600
70800
63600
19200
92400
53400
33900
74700
3900
300
16200
52200
48000
20100
62400
33600
45000
300
148800
66600
39000
300
65400
5100
300
99600
9000
300
42900
81300
37200
44700
29700
32100
300
57000
40800
60300
30900
39000
67800
52200
48600
50400
31500
300
22200
67800
58500
30600
74400
300
20700
23700
300
31800
300
11100
61200
19200
17100
6600
14700
900
38400
300
300
300
54900
77100
38400
900
47100
80400
59700
54000
16800
45300
45600
300
37800
11700
42300
300
33900
60900
62400
69000
300
91800
38400
7800
60300
24900
1800
36300
300
1200
54000
12600
38400
47400
21600
62700
45000
19800
27600
18600
300
300
300
64500
40800
45000
30600
93300
61800
19500
300
60000
300
18000
35700
32100
37500
76200
300
24900
44100
27300
19500
12900
57300
90000
52200
72000
48000
34500
111600
300
9300
300
47700
30000
300
300
81000
27600
48600
3600
300
47400
63900
300
6600
27600
25800
300
24600
7800
300
300
9300
38400
51000
300
88800
300
38100
47400
30600
26700
5700
58800
18900
74400
72600
86400
7200
31500
52800
74700
57300
5100
58200
31200
69900
84600
18600
9300
35100
80100
85800
14400
93300
300
36600
23700
14700
95400
56400
43500
16500
81600
48600
51900
48300
38400
16500
18000
9000
38400
78300
27900
34200
9000
26700
84600
56400
59400
30300
3900
54900
39600
300
81300
8400
48900
87000
122400
30900
61500
60000
28500
62400
33000
300
107400
300
32100
300
58200
55800
37800
8400
300
37200
75600
37800
41700
50100
100800
34500
53700
72000
300
300
14400
35400
40200
78300
66000
18300
300
126300
29400
84000
13200
44700
1200
52500
51300
50400
52200
63600
35700
42000
72900
59400
76500
30900
27300
300
300
74400
18300
46800
16500
25500
52800
300
53100
300
300
10800
22200
75600
12900
900
59100
26400
15000
51300
60900
300
32400
7800
111900
46200
83400
28800
300
74700
20100
17400
48900
67200
3300
8700
300
32100
49800
20700
300
87600
32100
72600
12000
46200
300
20400
30900
24000
44700
300
58200
50100
98100
61500
66300
18600
300
14400
77100
300
300
107400
57900
112800
32400
39600
20400
31200
59700
300
56700
300
60300
9900
24600
17400
89400
300
95700
28500
8400
27900
55500
900
2100
30600
33300
37800
106200
51600
75600
300
31200
20100
7200
29400
300
40500
300
17400
300
17700
110700
32100
7800
300
32700
300
37800
23400
300
38100
20400
63600
300
74700
30000
9600
22500
43800
300
12000
56100
10200
57900
8100
33300
300
1800
2400
28800
36600
38100
38700
51000
300
33300
76200
70200
15000
45600
34500
51300
16200
300
300
5700
27000
114600
9300
33900
59700
300
2100
34800
26400
57000
6300
67500
28800
67800
39300
300
43500
300
28500
34800
23100
41400
18000
25500
300
41700
15900
21000
300
16500
3600
2700
41100
20400
300
39600
14400
12300
54900
86100
5100
48300
300
23100
300
32400
300
129900
300
35400
67200
23100
300
3300
75000
57000
51000
56400
8100
300
28800
15000
66600
12600
33300
7800
36300
8100
43500
80100
8700
92400
300
48900
19800
300
60300
40800
300
14100
59100
300
58800
54300
41100
3000
300
300
76500
46500
10500
67200
78900
300
44700
12900
30000
14100
300
8100
24900
300
300
42600
300
5700
24000
3900
300
57300
79800
300
52200
54000
38700
116400
43800
300
33900
300
72300
44100
53100
300
23400
3300
7500
300
300
28500
72300
16800
20100
66900
48000
83400
56100
81900
300
300
300
36000
79200
36000
41400
2400
40500
84300
300
40500
300
10800
40800
5700
80700
39300
300
300
300
83400
25500
300
33000
42600
300
45300
5700
600
51000
67800
14100
30900
74400
300
30000
48300
60600
35400
14400
46800
300
69600
87300
20700
48300
104400
300
66000
42900
300
27900
6900
26400
79500
300
300
60300
34800
36900
54300
300
300
26400
10800
100200
28800
65700
18600
31200
9600
60900
21300
300
17100
54000
109500
69600
300
300
76200
300
52500
30000
66900
300
7200
36900
11400
22200
300
70500
15300
62100
93300
300
83700
29400
72900
52200
41400
13500
300
73800
78600
300
32700
69000
46800
35700
300
55500
39600
13500
49200
34800
61500
300
113400
50400
19200
300
17700
43800
9600
28500
104400
46200
42600
300
87000
20100
40500
48000
6600
34200
32700
46200
1800
110400
300
7800
84600
300
300
300
40200
8400
15900
31200
35400
34200
36300
24300
77100
300
2100
17100
24000
23700
29700
12600
37500
21300
37500
50700
38400
300
300
300
53100
83700
15900
26400
14700
28200
30300
300
36900
90300
16800
35100
17400
28500
300
49500
113100
93600
65700
300
31200
300
27300
53700
69900
300
76800
28800
300
60000
300
300
47100
65700
300
73800
66300
33900
10500
300
29700
13200
61500
40800
300
70800
300
75300
25800
300
300
23700
19200
22500
118800
46200
2700
50400
300
32100
28500
43500
78000
25800
66600
300
81300
12600
28200
80400
3300
300
112800
80100
15300
300
9600
28500
57300
88200
8100
5400
81300
300
1500
300
300
27000
300
300
300
10800
30300
300
300
20100
21000
300
9000
300
300
36900
31800
6000
300
300
21900
90900
300
86700
132900
7800
300
24900
29400
60000
22200
300
11700
29700
26100
8700
2100
56400
300
300
21900
46200
24300
24000
300
13500
111000
62400
47400
22800
45000
300
15900
92400
17100
55800
300
8100
102000
29100
3000
78600
4500
300
14400
300
24000
9600
55800
26100
31200
66300
75600
36300
300
18900
6900
52800
300
88800
7800
101400
18900
300
31500
16200
300
16500
14400
4500
55500
74100
300
300
30000
17100
300
17700
14400
2100
300
106800
74700
46500
39900
95100
65400
34800
71400
38400
52500
39600
300
8100
81600
60900
5400
45600
53700
53100
300
300
300
35400
43800
300
300
38700
62100
34800
9300
82500
132900
35700
300
44100
65700
49500
300
36000
39000
300
68100
57900
45300
50700
83400
28500
77700
20100
300
300
300
42300
59700
24000
5700
35700
71100
300
66900
900
71400
2100
76500
69000
2400
300
40500
73200
91200
80400
62400
70500
31500
28800
38100
69900
82800
65100
36000
34500
300
59700
29700
26700
32400
41100
300
8700
93300
300
45300
48900
300
47400
19200
70500
300
300
600
76500
12600
46800
32100
63000
34800
101700
58800
36900
13800
32100
22800
6300
1800
42300
38100
22500
43200
12000
300
17700
30900
37500
33900
25200
22800
38700
87300
47400
33300
10200
72300
49800
122700
82800
15300
300
22200
85200
118800
2100
57900
53400
300
11100
18600
18300
27300
12300
75300
43500
300
52500
300
76800
13500
99600
300
300
22500
300
300
10800
7800
300
121500
34500
78600
45900
92100
36600
62400
15600
300
85800
45300
52200
38100
69600
48600
22800
80400
28200
75300
48600
3600
21600
41700
66300
78000
300
15600
300
35400
300
15900
300
93000
49800
23400
300
7500
300
66300
300
300
34500
300
37800
83100
53400
300
300
11700
14400
40500
86700
300
300
62700
87600
61800
73800
17700
80700
58800
23400
39000
78300
42000
62700
63600
48600
300
26100
73200
300
9600
69300
300
25800
300
16500
29400
20400
39000
16800
8700
75600
61500
48300
900
17700
26100
18600
35400
300
55800
102300
4500
37200
42900
75600
59700
100800
11100
10200
300
36600
300
19800
44400
8700
300
4800
300
24600
10500
45000
300
126600
67500
36900
48600
300
33600
43800
39600
76200
38100
52500
48000
96600
58200
83100
66000
21900
300
20100
57600
26700
4500
52200
66600
3600
300
11700
21600
36300
45000
65700
18000
93000
54600
41400
300
29400
5400
18300
300
300
63900
24300
80100
18900
36300
74400
78300
4200
1500
300
32700
35700
51900
10500
40800
300
67500
75900
24900
42900
57900
48300
14700
78900
6000
300
300
300
35100
23700
60600
60300
300
300
39300
300
11700
37200
31800
25800
300
69000
57900
300
76500
300
33900
16800
300
30600
22200
38100
45000
300
300
30600
50100
300
8400
300
600
47100
42000
50100
7500
81300
300
14400
25800
300
21300
300
79200
300
64800
60900
52200
15300
33900
41400
42600
79800
7500
300
100500
56700
38100
28200
300
300
54300
83400
3900
300
12600
48600
6000
63000
300
39900
69000
48600
62400
100200
39300
66600
41400
21300
11700
54300
4200
25500
31800
83700
96300
67500
64500
12600
49500
17700
31200
300
30000
300
72000
99900
38100
61500
44700
60000
12600
26100
5700
9600
18000
24000
33000
56100
300
81300
35400
33000
28200
57000
8700
69600
90900
300
111300
300
300
44400
300
300
73200
30600
64500
26100
11400
83100
66000
38100
6600
11700
33000
10500
15300
70800
83700
300
300
56100
61200
300
84300
39900
300
48900
75900
39000
45600
19500
300
300
33600
30000
300
300
5400
26100
300
31800
55800
4500
300
300
45000
300
29100
300
600
300
17100
23100
81300
300
73800
41700
54900
56400
300
16800
300
19500
17700
300
21600
20700
51000
3000
41100
58500
17100
31500
300
300
5400
300
72600
300
300
102000
33300
39900
66300
300
9600
32100
64800
300
18600
300
12900
61200
300
300
42900
4200
75000
48000
49500
67500
26400
75600
66000
42300
16800
300
18000
76200
300
52800
300
2400
52500
62700
300
103200
10200
45600
33300
300
62100
4800
53100
26400
119400
300
44400
61500
64800
11100
11700
300
69600
26400
300
30000
7800
23100
19200
12600
31800
78900
21900
99000
63600
27900
300
9600
16200
19500
51600
37800
64200
21300
9600
57900
53100
62400
28800
57000
91200
300
18300
51000
71700
25800
32100
45000
54000
300
32100
37500
1500
4200
16200
46500
21000
9900
300
38100
28200
91200
77400
45000
23100
6300
44100
9300
23100
68100
12300
9000
64500
53100
22500
300
42600
52200
45300
57000
26100
24900
300
30300
22800
8100
36300
300
300
300
53100
300
300
300
300
92100
35400
21900
300
2100
24600
49800
77700
61500
78000
79200
53100
300
24600
6900
48000
25200
300
99900
31200
11100
33000
45000
52800
74400
68400
44100
27300
28200
4800
47400
38700
18000
73800
48600
71700
34200
58800
8100
300
67800
24600
21300
19200
99900
90000
300
47100
110100
300
73500
42600
8400
27600
52500
13500
300
26400
7500
84600
24000
19800
54000
65100
10200
300
300
25500
65100
300
300
300
300
41100
90300
300
300
300
4500
8100
30300
56700
46500
42900
300
300
27000
8700
63300
9000
27900
22500
42900
44100
62700
87300
105000
57900
10800
300
15900
54900
3000
300
16500
23400
1200
23700
9000
1500
23700
100500
23400
74400
113400
6600
300
47100
63900
18000
30000
300
2700
300
59400
78000
19800
300
300
34800
300
32700
300
48900
22200
29700
36000
45300
14100
41100
55500
60600
2100
300
300
300
81300
35700
34200
2400
51900
40800
79200
31800
52200
300
41700
35700
90300
25200
50400
11400
300
6600
30900
38100
70800
24600
80700
23100
58800
29400
47400
900
46200
56100
64500
300
300
102000
23400
78000
2400
78600
300
27900
300
2400
44700
300
300
37200
14100
47400
45000
65100
86400
300
37200
17100
20700
31800
4800
300
32700
16200
80100
37800
71400
44100
1800
21600
39900
55200
10800
48600
56100
42300
2100
63600
38700
50700
6900
300
300
300
1200
42000
52500
117900
300
87900
8700
300
300
42600
91500
57000
300
40800
7200
53400
9300
66600
39000
68700
56700
300
14100
39300
44400
300
45600
27900
300
51600
60900
21300
55500
300
5700
65400
61800
71700
17400
34800
87300
300
66900
300
64200
83400
300
300
300
51000
300
25200
75600
43800
36600
300
300
32400
58800
54000
79500
47400
65400
28500
15000
38700
45900
49200
18900
1500
13800
71100
20400
22800
300
10200
300
11400
26100
300
82200
11100
42300
10200
64200
39600
7500
16800
300
39300
32100
300
42000
46800
300
11100
300
16200
300
53400
50700
51300
39600
11700
16200
300
17100
24900
70500
36600
59700
9600
9000
59100
45600
88800
37800
37500
26700
11400
30300
18900
57000
27600
24600
96300
9600
23700
32400
300
12000
300
43500
64200
71100
79200
300
28800
8400
36900
39600
19500
300
300
42300
34200
300
22500
54000
61500
57900
120300
53700
39300
30000
15600
18600
56400
57600
300
33900
300
9600
300
49800
44400
30900
300
111900
45300
12600
38700
56100
34500
75600
300
23400
300
300
20100
40800
300
54900
96000
54600
24900
27000
47700
21900
27300
18000
10500
40500
300
36000
40800
300
42900
300
61200
49500
5400
9900
300
300
25800
30000
37200
67200
10200
20100
39300
53100
50400
79200
21300
117300
300
19800
1200
8400
300
49500
105300
22200
40800
300
45600
20400
25200
300
4800
300
13500
21900
81300
300
39900
300
22500
27600
50100
69300
24000
300
12300
42000
39600
14400
15300
36600
51300
24600
300
4500
36300
300
300
50100
42900
53100
300
15000
14700
45300
1800
47400
20100
52800
300
78300
21000
1200
300
42900
104400
66000
74700
48000
300
300
92100
51000
85500
300
96600
68700
15300
19200
80100
57900
67800
67500
58800
69300
81000
61800
41400
16200
90900
300
12900
9300
24900
44400
18000
72300
11700
84600
59700
54000
22200
15000
300
82500
300
4500
111600
36900
78900
14100
19200
300
73800
72600
125100
8100
51900
17100
37200
63900
39300
3300
31800
30600
69600
36000
300
8100
80400
28800
53700
73500
61200
22800
300
13200
59100
300
44700
13200
300
300
19800
300
300
44700
123900
300
1500
25200
56100
41400
300
300
53100
43500
3300
84900
21600
86100
7800
13500
119100
300
300
9000
24900
64800
71700
900
4800
300
33000
9300
44400
19500
45300
79500
47700
27300
67500
300
8700
81900
68400
300
21300
300
9000
60300
36000
1800
52800
30900
46200
300
300
3600
300
15600
33600
88200
64200
300
56700
127200
20700
28500
7500
51900
15300
70500
17400
14400
48300
300
21300
51900
18600
300
20700
67800
7800
70200
41100
55200
1800
48600
300
300
5400
54000
13800
300
33900
300
29700
36900
300
61800
47100
44700
23700
46800
21000
96900
300
81900
69900
84900
300
300
63900
300
87600
34800
66900
6600
27000
26700
20100
57600
12300
46800
14100
66900
300
48900
74400
23100
300
28200
60300
68100
47100
15600
17700
98400
119400
41700
14700
22800
24600
300
15300
54300
300
79200
24900
12600
300
7800
12900
44100
300
300
13200
6600
61200
89100
1200
300
4500
3300
59100
300
300
63000
86700
70500
33600
53700
57000
63300
37800
300
2100
3600
29100
300
64500
16500
300
40800
300
42900
78600
18600
300
1500
300
63600
51900
8700
28500
47100
300
3300
300
43200
21300
79500
65700
300
128100
48900
13800
32700
11400
44700
34200
8700
3600
15000
81900
62400
69000
300
300
67800
98100
300
89400
78600
141600
105900
36000
63900
3000
4800
55200
35700
300
29100
1200
11400
63000
54000
18900
26100
30900
300
117600
139500
300
29100
24000
19500
1800
41700
300
300
70800
88200
42900
12300
75600
47100
2700
300
30900
33600
17400
39900
22800
26400
101100
58800
300
57600
11100
6000
37500
20400
27600
300
300
41100
300
13200
30300
49800
26700
2100
63600
74400
300
7800
57000
24600
28200
5700
69000
300
132300
300
75000
30900
42000
3600
90600
71700
81600
300
300
13500
46200
110400
300
300
300
43800
62700
14100
117600
300
17400
3300
300
42600
65700
59400
37500
300
300
55800
72900
33300
19800
126300
5400
19500
79200
99600
80700
300
27300
31800
300
32100
300
46500
300
10200
76500
54600
41100
50400
105300
4800
26100
29400
35400
300
300
25800
16500
3000
25800
29100
300
27000
63900
300
54600
42600
14400
300
8700
28200
300
300
48600
47100
58800
300
11400
31200
41700
83700
300
71700
15900
15000
300
25800
8700
28200
300
23100
300
42300
30600
66300
67200
25500
300
19200
47700
31500
300
40200
30000
65400
300
43800
11100
50100
300
300
28200
77400
52200
82200
51000
84900
21300
24900
52200
18000
300
10800
87000
5700
300
300
38100
300
51900
123600
6000
10800
25500
14400
19800
300
300
22200
55500
33300
51600
4200
17700
69900
56100
52200
900
98700
93000
26400
13500
7800
39900
33000
76200
300
9600
14400
52800
59400
300
70500
18000
22200
86700
75600
42300
42600
25500
67200
37800
1500
27000
73200
93300
300
300
40500
68400
30900
120600
55200
35400
300
45900
42300
33900
300
600
64800
300
300
5100
102600
300
14100
17700
57000
76800
21300
56400
99000
11400
66300
75900
26700
7500
300
64200
86700
300
6600
300
106200
29400
57300
300
300
23100
19500
57900
12000
82800
82500
300
300
300
300
1200
46500
68400
18900
30300
300
33900
12600
34800
44400
3300
4800
1500
59400
56400
300
66600
48000
74400
27600
25800
46500
6900
300
26700
20100
40500
36000
60000
28200
11700
53100
86100
87300
11700
300
14400
63300
300
117900
69300
64200
24600
37800
28500
9000
300
10800
300
72000
21000
44100
46800
34200
47100
78300
59100
16500
7500
12300
88800
66900
22800
46200
41100
27300
25500
73500
300
59400
33900
74400
300
300
8400
9300
31200
68400
106200
2100
25500
33000
300
91200
63900
67200
41700
5400
9900
300
49800
32400
7800
300
89400
9600
19800
59400
300
63900
10200
38700
71100
42300
27000
55500
300
42000
21300
30000
45900
300
33600
27600
61800
53400
300
53100
64500
93300
73500
25200
60000
57000
91200
29400
7800
42900
31200
73500
78600
15900
300
73500
12900
300
49500
300
300
300
31200
9300
300
5700
45900
24300
1500
17700
15600
2100
50100
22200
26100
90900
92400
54900
300
27900
82500
9000
2100
35700
21300
75900
24600
69000
13200
300
30000
68700
300
88800
43800
300
97500
60000
81600
82200
78000
56700
34200
6900
13500
55200
51000
54900
14700
36900
300
86100
51000
60600
48900
81300
300
54600
71100
15300
93000
78000
30900
76500
32100
50400
19500
300
300
110400
43800
22800
300
11100
7500
9000
40500
300
300
41100
2700
55500
32400
19500
76200
35100
23100
13200
66000
57900
300
1800
105600
97500
300
56400
37500
24900
300
2700
93000
51900
38700
78900
34800
53700
54000
300
49800
56700
106200
300
43200
25800
55500
103500
9900
58200
62400
300
55200
45000
24000
300
10200
61500
61800
87300
300
22800
300
8100
300
300
51600
45300
37800
22200
58800
6600
64200
73200
13800
300
24000
300
74100
70800
19800
36300
28200
300
300
14700
34500
4200
33900
55800
28800
17100
300
29400
49200
300
29400
43500
10500
9900
36300
22800
53700
23700
138300
68400
7500
300
300
32400
66000
30300
130800
300
42000
55500
300
39300
300
16500
35400
300
300
35700
56400
300
43800
71100
12600
300
28500
61500
54300
65700
48600
13200
33900
27900
101100
61200
300
600
300
300
33900
96000
28500
300
35100
22200
13200
8400
4500
57900
300
35700
24600
45600
300
45600
37500
37200
300
8400
24900
23700
70800
46200
69900
27900
68400
300
21300
48900
91200
15900
40200
63600
33000
50100
28200
38400
33000
3900
20400
60900
52500
17100
16200
90000
300
300
126900
66600
13200
64200
32100
10200
72600
67800
39600
300
24900
13500
300
5100
300
300
53100
48300
21300
51600
38700
900
13800
300
300
63900
19500
50100
53700
300
300
300
14100
9600
53100
67500
18600
26400
98700
47400
50100
75600
37800
69300
44400
12300
45900
13800
56400
300
49800
38700
31500
17700
300
25200
17400
87900
54000
1500
300
6600
46200
49200
35400
47700
16500
28800
300
8400
82500
64500
300
19200
12300
37500
68700
52200
300
300
300
22800
11100
3000
51600
54900
300
13200
47700
43500
35100
17400
84900
58200
80100
36300
1200
300
49200
33300
300
101700
300
300
64500
300
22200
25200
31800
18300
88500
300
40200
33000
47400
15000
36000
300
24000
300
38700
34500
27000
73200
4200
73500
34200
2100
300
69900
300
300
57900
20100
42300
32700
39000
64800
78600
79200
300
300
76500
21900
300
300
58500
300
300
31500
31800
19800
9300
77400
37500
300
300
13500
87000
32400
31800
300
10800
300
22800
66000
29100
300
300
300
300
26400
9300
300
13200
24000
300
80400
82800
5700
41700
1500
22200
41700
54900
40800
300
51600
34500
25800
47700
8700
64200
55200
16800
35400
12300
81000
64800
29700
54600
63000
44400
300
300
52800
27000
64200
47100
6000
300
3300
300
69300
18900
58500
40800
74400
20400
56100
5700
300
300
25800
42300
18000
31800
300
45900
99600
41700
24600
53100
30000
29100
300
300
32700
61500
3300
119700
9300
17700
3900
89700
300
300
6000
300
300
61200
45900
300
300
39300
39300
77700
24300
18900
62700
25200
300
21300
54000
30300
29400
52500
69900
50100
81900
10500
10200
41400
4800
33000
29700
9900
300
31200
300
64800
38700
7200
31800
31500
76500
80400
30000
27000
42000
68700
7500
300
43500
81900
39300
1500
22200
300
35100
72000
59100
39300
13500
29100
52800
19500
9900
300
23100
41100
11700
38100
300
19500
300
61200
57600
46800
20700
22800
49800
300
29100
21600
57300
35700
2100
26700
36000
66600
42000
75600
62100
300
17700
38400
107700
37500
60900
300
45300
22500
300
300
69300
27600
300
32400
300
300
15000
41100
50100
74700
37200
60300
300
60600
67500
72900
117600
9300
14700
32400
15300
20700
18900
27900
52200
300
14400
72300
24900
41400
28500
40500
300
42300
44100
49500
300
4500
73500
46800
10200
72600
71700
300
300
44100
300
68400
38100
78000
300
87300
300
32400
39000
59400
70800
87000
300
300
3900
50700
86100
67800
48300
52200
47400
300
23700
44400
23700
300
300
44100
99900
30300
45600
37200
42000
73800
34500
300
100800
122400
300
28200
300
26700
4500
29400
15000
80700
23100
69600
300
29100
25800
76800
300
31800
72900
46200
300
49800
9900
58800
44700
46800
63000
6000
15300
76200
11400
30900
24000
9300
300
34500
55800
76500
300
41100
6600
72300
45600
64800
33300
64800
3000
5400
29400
30000
19500
95700
300
78000
18300
2400
41700
300
46800
300
28500
40800
45300
300
60000
14100
300
37500
85500
5700
49200
55500
300
62100
44100
31800
21000
300
300
300
48000
300
41400
78600
60000
113100
75300
86100
16800
98700
300
27900
50100
81600
52800
48000
39000
300
37200
68700
9900
65100
72600
76200
53700
15300
300
15000
26700
21900
35400
82500
300
300
56100
20100
300
9000
34200
87600
300
45000
300
57300
53400
73500
27300
32700
300
30000
300
56700
61500
10200
23700
42300
300
48000
84300
15900
77700
20100
116700
40800
300
48000
35700
36600
17100
78600
36900
50100
27300
40800
33600
30900
50100
28200
52200
300
48900
37200
16200
87000
20100
18300
84600
5700
3000
95700
23400
300
59100
39600
3000
300
88800
95700
21300
300
7500
63300
59100
30900
75600
300
300
43200
16500
300
71700
59400
300
59400
67500
54300
32400
300
300
24000
300
300
39600
32100
66000
44100
300
41400
81300
71700
23700
55500
61800
25500
300
34800
300
60600
9600
78300
300
23700
300
9000
29400
31500
74400
33000
46800
93000
300
51600
40200
27300
35400
57600
62700
300
50400
33300
23400
104400
82200
69300
300
2100
48000
45900
55800
47400
300
49500
54300
300
56400
8700
66900
56100
300
16500
69000
84900
43500
53100
100500
13500
300
62100
14100
41100
17100
300
24600
47400
300
71400
59700
63000
72900
79200
57000
300
70800
51300
300
63900
25200
24000
23400
67800
300
70800
300
1500
40200
25800
42900
19800
92100
3600
45600
22800
24300
42600
68100
31800
98100
49200
80400
14700
37200
20400
25200
74700
5400
300
300
300
37200
300
35100
300
21000
8400
24300
39900
300
24300
93600
8400
11100
20400
72600
10800
17700
300
300
18300
21000
28800
300
70500
56700
29700
112200
68400
300
34200
74700
81300
84600
300
30000
96000
92400
88200
44100
57600
32400
17100
37200
30000
65100
57000
16800
29400
300
29400
38100
107400
52800
300
58200
116100
300
11100
32400
14700
60300
9900
55500
37200
300
19800
22200
65400
300
300
14100
35100
47100
41400
40800
300
57600
300
300
21900
20400
46200
34800
58200
19500
12300
27000
96600
32700
300
54000
41400
43200
9000
38100
73200
300
64200
16200
300
94200
300
125100
22200
10800
48300
32700
30000
46200
35100
50400
3000
38100
25500
300
27900
59100
28200
17100
5700
29400
300
36600
1500
48000
300
68400
26700
43200
300
300
6300
25800
55200
20100
300
32100
300
78300
45300
106500
2700
13800
300
39900
38100
18600
28800
59100
15000
36000
42900
39600
69900
10200
70500
72300
15000
62400
8100
10500
300
62400
300
300
25800
57000
45300
54600
300
42000
16200
300
300
34500
38100
18300
300
300
57600
300
300
45000
47100
54900
21900
54300
30300
300
55800
42600
38100
49200
44700
30300
37800
18300
35100
15900
67500
134100
27900
300
300
13200
50400
75300
23100
300
11700
13500
26100
42000
28800
30000
84300
300
300
38400
12600
30900
85500
300
72300
300
28200
87900
26700
300
300
48600
36300
300
74400
90000
68100
84000
59400
77400
24900
36300
62400
112500
47700
52200
300
54300
300
300
300
22800
78000
18600
50100
24300
16800
29700
300
64500
49800
59100
83700
10200
41400
300
84600
14100
300
42600
300
300
2100
89100
34800
62700
29100
18000
300
73200
300
19200
20100
33900
300
41100
42600
57900
24600
70200
57600
10800
57000
51000
75300
56400
300
300
7800
22800
18600
65700
28800
66000
20700
71100
12300
56100
39600
79500
300
7800
5700
15900
300
67200
84000
34500
300
18600
72000
55500
75300
21600
300
60000
77100
12300
9600
62100
76200
12600
300
63300
13200
300
102300
63900
58800
24600
41100
54600
54600
300
30300
38400
20400
84300
30900
19500
33600
8700
93600
37200
30300
28200
39300
41100
300
49800
61500
300
26100
53400
300
31800
900
33900
32400
13200
300
30300
20700
78600
300
300
68100
17700
300
42600
300
27600
300
25500
47100
75900
58200
41700
63900
27600
78300
300
300
41700
30900
27900
67800
300
42000
32400
23400
33300
70500
44700
68400
4800
300
37500
25500
37800
100500
300
67800
50400
95700
50400
36600
42600
15300
300
45600
18300
28500
300
300
30900
8100
300
32700
61800
300
60900
300
14100
72300
51300
37200
59100
300
16500
5100
54000
43200
27000
71100
300
2700
54000
24600
45000
71400
36300
300
5700
92100
84900
37200
48300
36900
300
24300
300
18900
33600
12900
72300
25500
31800
19800
96600
4200
41400
300
16800
61800
45000
17700
61500
24900
3300
24000
50700
19200
67200
300
48000
300
45000
36300
300
62400
57900
12300
300
53400
300
28200
48000
67500
300
48000
62700
67500
82800
31800
47700
11400
34200
300
19500
20400
18300
43500
72600
11400
24300
75600
86100
42000
58500
17700
300
52800
300
49200
50700
45600
300
30000
21600
17100
15600
35700
76500
45900
36600
26700
14100
900
26400
300
8700
35100
74700
66600
2700
300
300
23400
74400
300
43500
300
80400
60300
300
60600
33900
29700
300
117000
32700
4500
8400
300
300
33600
34500
63900
300
3300
300
300
24000
39900
43800
99000
51000
50700
17100
37500
18600
31500
45600
900
300
59100
58800
71400
300
23700
300
34200
300
75600
68400
11400
51300
47700
9300
300
42000
53700
300
75300
300
18900
74400
17700
22500
300
300
300
300
6900
300
300
24000
54000
51600
28800
8400
18600
60900
55500
300
8100
36000
70200
78600
7500
105600
60000
13800
22500
34500
38700
22500
30300
61200
34200
30300
35700
2700
52200
58500
21000
24300
27600
600
300
15000
9900
91800
34800
7800
21900
300
300
38700
36900
12300
31800
42000
300
34800
47700
60600
45000
31500
300
300
111000
108000
14100
54600
43800
27600
30000
11100
41100
30300
300
18900
300
300
4800
43800
7800
55800
28500
53100
64500
14100
61800
15000
36300
39600
300
56100
42300
300
33900
7800
24900
300
37200
5700
4200
300
26700
41100
300
46200
49500
18900
89400
300
23700
32400
24900
75600
17700
14700
73200
300
54300
13500
300
39000
60900
26400
21300
23400
5100
49800
300
300
60300
9300
19800
300
79800
58800
17400
67500
300
65400
44700
15900
63600
38100
900
9300
45000
50700
36600
67800
6900
44700
38700
31200
44700
78300
41100
34500
50100
44400
39900
33000
50700
300
72300
51000
20400
13800
32400
87000
41100
300
80700
12300
58500
17100
97800
4800
15300
300
22500
47100
23700
300
10200
300
300
4800
53400
14100
25200
300
67200
25500
300
300
300
25200
300
45600
300
35700
300
300
63000
89700
43500
90000
300
300
12900
105900
41400
45900
300
34800
15900
1500
71700
300
66000
8700
66900
54300
54900
82800
45600
60600
300
42300
18000
300
29700
70200
36600
110700
5700
10800
53400
53100
58500
300
300
45900
30600
300
83400
17100
5100
300
20400
40500
114900
29400
300
300
300
300
68700
26100
600
26100
37800
300
54600
32700
36900
30600
8700
28800
32400
42600
300
45000
88800
25500
42900
46200
123900
84600
2100
300
72600
300
54000
62400
75600
300
19800
65100
63300
82200
40500
48300
36900
9900
70500
8100
50100
44100
41400
42600
57600
28200
33600
900
46200
3300
59700
21300
102300
28800
57300
300
1200
24000
38700
300
22800
40800
73500
4500
300
300
69300
39600
39600
36900
57300
7500
18000
28200
46500
100800
8100
10200
79200
4500
