91800
13200
300
116100
48900
53100
18300
24900
160500
44400
37800
88500
300
112800
108900
241800
300
300
93300
39300
156600
136500
34200
162000
300
139800
120000
170400
117300
175200
300
32100
126000
32100
217200
14100
144900
24300
18300
120000
153300
77400
101700
52500
40500
300
300
40500
51000
114300
192900
23400
81600
115200
72600
37500
48900
148800
168300
37200
110100
78900
300
90900
115800
155400
183000
127200
88200
14100
37200
188400
300
29700
189300
192900
143400
64800
5400
41400
27000
300
147600
158700
43800
139500
67800
69000
79200
192000
219300
82200
164400
131700
49500
300
15600
124500
24000
31200
174000
46200
231900
81600
3000
123300
102000
149400
106500
101100
65700
50100
107100
61200
124500
75300
99000
4500
51300
300
100800
124500
67500
205500
6300
51000
138600
6900
43500
90600
122400
175800
300
124500
75600
48300
31200
25800
25800
300
300
11400
36300
79200
225900
125400
91500
1800
115800
43200
36600
63600
33600
107100
58800
33000
19200
149100
167400
300
169500
65400
81300
81900
81300
75600
147300
182400
2100
123300
117600
273600
77700
9900
300
185100
153900
39300
186600
91500
114000
191700
62100
300
25200
109200
159600
141300
226800
37800
25800
48000
34800
55500
139500
144300
62700
24000
38400
128100
109500
300
113700
138300
300
79500
87300
24600
34200
300
171600
84000
121800
22200
18600
158700
35700
57300
105000
39300
59100
103500
165600
173700
34200
300
38700
31800
300
62400
97500
112500
76500
144300
96300
55500
202200
134700
70800
69600
116400
204900
66600
70200
63300
239400
179700
202800
49200
251700
81300
133800
46500
224400
145500
130200
117300
197100
123900
120900
300
27000
97500
119100
93600
30000
27000
135300
45600
124800
26100
57600
157800
300
111300
300
137700
27600
116700
131700
73200
104700
300
102900
66000
50700
11400
300
150900
81900
300
66300
29700
33900
125100
61500
97200
16800
300
70800
53400
57300
92400
67500
219900
18300
249300
105300
134100
145800
74700
6900
129300
64500
72300
85800
158700
185400
223800
120600
164700
201600
91800
300
85200
106200
48900
106200
113700
102600
140700
96000
228600
141900
157800
65700
20400
86100
154500
69900
128700
143400
167700
9900
300
300
195900
198600
39600
84000
300
38400
300
65100
102600
210300
148500
195600
218100
185400
70500
96600
38400
200400
79500
65400
82500
29100
199800
900
22800
89400
95400
140100
65100
164100
4800
164100
51300
84000
104400
300
157800
15000
128700
163800
288900
80700
48300
43800
166200
118800
158400
108900
114600
212100
44100
198000
44400
72000
228000
141300
54600
145200
33600
64500
173400
8700
160800
179100
203700
151200
31500
61200
62700
300
300
258000
110700
45900
74700
159600
183600
58800
108600
96900
158100
105000
85800
117900
219900
18900
36300
300
225900
154500
153600
240000
13800
37800
64800
89400
105900
300
92400
81000
50700
97200
163200
171900
184500
300
50400
103200
60900
207600
39300
126600
49200
30900
47100
300
127800
103500
179700
30300
6600
147900
84600
231600
222900
36000
51900
156600
26400
47400
36900
115500
143700
34200
14100
61200
29400
11400
53700
84600
129900
93000
179400
113700
75300
150600
32400
106500
126600
42600
112200
40800
73800
216600
38700
63600
300
150900
120300
96300
141000
26700
54900
145800
45300
300
121500
38700
29100
20400
122400
113400
182100
38100
113100
2700
179100
300
121800
300
72600
80700
103200
51600
135900
23100
116100
59400
92100
145200
83700
80100
143100
76800
201900
28200
121200
158400
151800
88200
160800
30600
100200
46500
126600
107400
100800
131700
110700
99900
18600
42300
195000
94500
33300
300
163200
7200
96000
69600
204000
195000
105300
94200
86700
194100
131700
152400
27300
105000
26100
40800
102600
59100
67200
51600
37500
230100
151500
110700
100800
78300
53700
147300
101700
18300
28200
81300
300
136800
300
184500
143700
300
56400
59100
110400
83700
15600
78300
134100
35700
265500
33000
113400
126600
300
64500
90900
53700
300
104400
48900
59100
10200
300
11100
212400
45300
77400
258000
300
20700
84000
9300
45900
141900
134400
300
300
46800
134400
104100
53700
64500
75900
194700
160800
44700
180600
125100
46800
39000
14700
168600
59400
146400
26100
76800
30300
76500
2100
118800
128700
10500
33000
83700
87900
193200
156300
62700
14100
37200
30000
73800
76200
5700
71100
139500
23700
83100
61800
166800
125700
21900
130500
107400
129600
119700
153000
141900
29400
61800
108300
205800
102300
84600
146700
110100
137100
72900
19500
51900
300
82500
3000
88500
209700
50400
251400
174000
8700
66600
64200
129000
100800
185100
42900
74400
136500
204300
270600
300
155100
42300
40200
300
26400
81900
20100
54300
170400
179700
33000
221400
226500
33300
47100
141600
51000
157200
41100
177000
58800
52800
55500
123900
89700
173700
48000
93600
81600
25800
43200
42600
78000
117000
5400
129000
77400
137100
30900
108600
19800
17700
55200
134400
58800
114600
24600
142800
27000
36600
45300
1200
82800
45000
108600
156900
99600
38100
55200
97500
91800
33900
159300
96000
300
151800
13800
27300
118800
70200
143100
52800
3300
97200
48900
15000
49800
30300
78900
126000
212400
44700
7500
173400
79500
139200
138300
300
300
192600
36900
300
54000
61800
97200
14400
300
56100
153000
151200
21900
201900
7200
300
87000
77700
200700
38400
84300
202800
300
28500
36900
126300
84300
110100
66000
64800
300
69000
80400
165900
126600
101400
13500
5700
80700
58200
9300
51600
145200
98100
55500
300
135900
16200
12300
33300
152400
3900
300
190800
300
17400
124500
67200
151500
211200
43800
88500
31500
10200
59100
116400
44100
51300
46800
55800
300
82800
111600
35100
30300
176700
132600
184500
50700
70500
6900
92100
300
124500
53400
41400
210000
205500
6300
79500
174900
118200
47400
45900
60600
163200
123900
300
7800
123900
97500
77400
300
50100
50100
76500
244500
63300
107100
127200
216000
88200
108300
13800
7800
121800
142800
157200
43800
142200
105600
57900
53400
229200
15900
155400
49800
56700
300
188700
61500
77400
65400
140700
102900
73200
212100
53400
81600
36000
53100
42300
120300
300
57000
86700
17400
83700
300
141900
125400
98400
16200
155400
53100
161100
67800
111000
236700
28200
130200
130800
300
56700
182400
149100
134400
900
24900
103200
4800
18300
28200
71400
94200
12900
61800
190800
48300
300
95100
66000
300
8100
171300
96900
219600
165900
41400
21300
44100
158100
23100
